$ANSIBLE_VAULT;1.1;AES256
32376432313631666433353537623434343731303233663936636534373230353362353030343930
3738383736643839326136346166333933663763306633310a383636633934366465363266366632
30643435663062646130313032353963353863376563303435393431366233623739643464313034
6263373837663239630a393162323836366531313931653966363838376432333962386639623332
35326461316537653234306461663366643762333663343639373132356433613038656462333234
33626332666262306130326364383837616632633031303739343862633064613037376566316432
62633261623134666566353665363664643464313263373966663262313163663035623635313266
38303166313033346237393061343563366566636137643135383037353530666639313562363535
32616230626633316638613136353561363938393038313933616665313239313134306665383961
63653130363831323762306535363735376235386662386636666466643635653764626164323331
66376466306465643332343363623039393961626638623065633963666431373333306430636163
33373761613638373937643165613865326537323163333834323237623332656638613165306562
31393861353266646363333366376161626661386266356334633361373464363361393566366639
63363462656438353233373063613364613633636639633263666339633764353862623866363265
66393963363563303533646436303864356563343963353639646138643162313039626333613933
33373434633539663934653033393066616333343666646431623431373461356362303865626533
36316339623465323162366165383231386361626536653861613137343335653334366564393630
35643463333833346634326231303164633866616433626565393835366333326465383661363132
61306332346464393565616539393661353839326562306232643165633539373235633139653265
32633966366566333966636265623737636337613864313837306637363538353761633330313239
32353737623634613736326232363061616533656638383061646238396234396661303463386232
35363463366431663462616264633065396532643865643235353234373535656631613937616362
39396563383963363834333864623466386230343336306637336131306663613865393962323438
35646662346335643332383539316536323430363865626431303264323838313165306162646535
37316639633163393165646238303761663030343664333032343434616562376666363239353237
30646463646462393033303365353732333263363430363937653338316436653161306538656431
33616466373433633037343134366365306134373436613839616462323539343339666538326132
63656562306639333033396462616335633032333338383165393434333164326565623064396337
65393064316265626437313639643932343338396531653635666133646633373934653865353966
61623661363566313664333131666433383639303838613131323266323633663038666330666330
62626131616433373964373631326139623166373261343666393064633937656162363031366666
39646439643165616164333731623336613334323733333538326534376532313237633666373231
65343838323930363966313466343930343839306264613262623032656466346364633637613031
66336239666438626133636132353031616136366664653231626232393135646533383764393035
35333264323961386638386462343036653765313230653239383663633332633566653462386136
66306464313231323761373031313734613963653863653434336132666234303438386530316632
62386261636138636136643239393336323039666135633961653439323835613263373536303937
66326530316663613735643331363366323465646433656536366335656138356637663930663630
32633833353031633664663730633132383538623337613865353864646231383035383637383536
32343639623866363364366232396631633561613664643731613562393966636331333037323265
37626362626534636136373838353939633230313538366431356539346431336435653862666439
36306132333336326264656233396138363964313639646462666130353538643832336439336532
61646331343734393535623032366532386434343035633336383237326463643463656630373633
31613861376333663762343663666663666330323064383764316239666361623530326230326231
39303839326666316261336430613162383436323534383436633538633432646636626239666236
38353430643936613738643035333664383839336339346432633736343863353033363238323837
63373438613339373635626138383864363161356664613837306131653163323466363638616462
33383939343766303661633930353336636639636663323734363733383262303135396462323531
36303539306437643837613438666337343863653739333931643331653237333534353434323131
61383238363335656333376138313163633133346264653964383661386636616661306633633838
66623364366361396333353234323632333361396434333430633964303639383561333431336163
64643630633866346566343462636133326336386263616430323639366639326633613234363062
32636134356634643664313166316665643337373162336362643238313332393865613433373264
65303266323363363162303736316665373933383733323531663438326462333935343930323661
34303434623835666637653432396338363239663136626533373530356431653036643333326330
65663932663961373166346462346163663036303237663461333034363162323438333932323334
32633931616430363166643963623663653963383362623230313934383438636663323630376330
31363365383938333430313535623138306164363562363865613936383238373162353732636463
39353733343739323661386132306665643265356130623434393434393164643663376562633639
37613136383837636638393736316663643334633731326532663764653037303064386264333131
36303932393934313739623731623732323236353737356439623034326266313039366234633930
61646539376433353137373630396134383033383266333663373731396437643663643239626631
33313363393733393465366565323331363361613962636362623531646238643964303062313330
38346231653436666137366262316339303338303630663036626662343634356165633238383037
33363835646665346565646334653664326439373631646365613166303661626635346137303530
30666231383338316466643264333235343261633436353463373562633334613734633363343634
37633935363762336334383031336234613265323765333130646166393133663563396363666265
32356165303063306564396665303439623366386636346562343632356231366436323462663439
37653065313536313035613563383437653962323163356233356337643930343734396534323166
63313737343966386532646462393139646332383532323836353533363334643032386537346430
34313064303531623961373230613565393132336564316464616532656632353833616266393061
30313464323634393666396234386664643466366162323262306539323638393139303935386337
37653233663662623331643339303262373164353139366661376136656439396631346335643331
63323065333763616537626233663936376630386161376162623737393532353334616439313532
61633737653435356330653265626436366535633332356137313761316636343231353938316238
31306162653930626338626161373837346134326334636439396265616537613836323339346561
32643064393331643334376339386432343639656264313963376535313733306131643934303635
31306336623831366239376566623836643937306531386164636231363738386438353365653032
65363734643131383133383133623066623134306465303364383031613537323738636366303839
35333235366266373766316364656562346465346164383361666332383962633333626637653533
33356330623464373066363663626632323233643264663131393138373361633730633931653361
64636635376530326637353664623137343764353033613430353732373734393566623838636330
64393135656331353734653963656535366433663237663562336538363764643931306132633332
65653366393861353239656538623762623031613730383539313133346561393632363736363664
38383635343636616138383066343865633536323034303166323533316563303362646563323333
39646531326464336237386436626537323830313433616630373834396131663562656439383136
32326366643065306164326236303936326164303439643364333633633739336464383536393235
38306562376433363531363861393563353464613131346562613434323130353061353737303930
65323038303835376533623064396636646564376636343164336236393732336439376266303538
31323132353735316535663663373233353233373761383964336332353966323336366266393561
64303638313733313163373339353136313764626364383931346630653835653431353364643461
34323934333334373365326531646162303539366633353537663039643364646434326538313438
39653937363233353538646363356233333764613837313837336236343062656135346230396639
65353432353036323936373162336438323666353233343131313139376263663166353561323362
37383037353866643230366536656663613435653134613134643938613431373139336265303533
36633435383863336436383632623035393166633165356230346134343463666366313166343039
37306662356662396562353130633034643336666561353361313362326664383139636432353138
39303738313239626236373436383534386663643364363639363835376131303364396137626465
32646461373332643265613062313337623132386365366561313239646461373164323532623539
66323664326437316663383763613730376363376666356663396337353537373835333361313536
39373439636561616233663938366131326230316663653766326134386638306639663430383834
65373838323865373666333535366636356161383631366531363632353161366230363438303764
62653862623831386561306236326434633630376232383062366165326137623239356336346365
37656565663931633431353466643664323665323966386437626162623362616663646236663634
39663164616534396338363365393439376635303530373366396462353964643963633530343833
32313536613832636133626539376639613465306563363862396530353138623430663333326331
32633064373462663934626564636534313962313437623366343765363034323633633535373236
30366365636531323531636330323731336136326437343665306330306632623131376236386666
61646430653839643236646230356361333737323632613135386534383730353361356336653436
31393234623065636666376463396462376436356366343364356337326332316431353965313038
32393364353536343430336161313939313438616166663230633562663738326539386466386165
66366538626664633931313438363538373163323332393832393664303931356331353936633566
65656662306264363239303164353333373430303333343534323061623332336261343766356261
62383862376332396130346239623064386663336533653033366265356136623532643436393663
35636630323032626639306361353065353465646631336335623031343634353565643532333864
39386638323639623463616538313662666234636564663065356262376531383764613136666438
32616632616561323866323739386163356464663866326565396366386535636636333732356365
63623065306438336237363736373763393063616334386139346531326465636437663930616534
35396564613534613463373862633165353339303061333262326335396161326262666363633333
36376530326464343262306633313464653862343333383537623035333030323765653036643463
37353038636666343464306330336330306363643132336333373137623132343130643566333032
64623830376165643832393632396364336331383564363035363862363563356431396366343062
32613331336166663565366330613861643236346231373336316235353132393262326531373638
31383239373661613537363939393465396461326464643739666139353763616137373166356233
37373334346164383733383637313062353066656237626565636639653636353961643963373735
65393434656131623934656561663038663765633931623365343834326663353264316438333838
31343764613931333430346636643939306463343962356139313831346533303161383566386639
30316133343637626564646366363734353935353138313739393366313231373038626165393262
38656331623361653166376463316266386533396566333566303239356666323735393762626665
66303935313063613436313832316666623238666330313061323263343536633237313233376461
37336335343566383065356136383530663161383364356365616134626433323338353437393237
31666631643161363130356431643730313161393237663464346464623633643839313566323463
62393032313034386661393565353834323462386238643461313337646331336636613666343634
32646666646230343839313665346430363137653236643766643061663564306365613531323463
31653832313764323864613062326163333361366338396366373839383965363065626462653832
35343233393038393631