$ANSIBLE_VAULT;1.1;AES256
35326363363637343164613933343439383439333034353232303565613463653633383065656637
3033356332653035363566663435373137373862323833320a643938333938616230663463393664
63373463626333366335613465383330653932663562616666316438373630346362656365376533
3939626636643934350a383039633665363031633438653638633035333164653864373731663165
37386136663235373736666565616266623236393366353263396539313666623833313539303965
61653066653566333533316331663262343936346462333832316132666530666366386434666132
30346161383465653066646365333862613861656662636636336638666564666130656633386434
37313036376463626237623462663538306135663666636330326365636561323161336465396236
66633062343062353739336435373166353563366230376230386337303663376136343833653865
34343166313036393766336533323261373662643964633634643931666134633865306163303261
32396138336137313766323162663261393263626430313432363735383662663439373735303634
61633236633739306265313161316437663539353735613536333034633061323139336130333966
33643532613163336437333833613062333063353131653364346264373632366365643331323332
30326137323531626362613463306163316462623862623665373031303131633831626661633038
66643233616431303761666265653165366664613638653838386136663837643133383337313432
32646635323731626565313463623230393564376366636533383339666166386233646139363236
32356530653264373765646165326635303861363334323835393531323635623662633064613232
37633765313138313261636534633934663439306566653461356661346536613239633266626262
35363135366338313264616330343137353137663938336162633066306163636430646131303736
34623430363066646166386436396463623839353036343031653838353764353563653362396436
36303736633838343861653763636335643938353736303533646338323337396538356165346139
32646532343530393234613863383431353061643266343533306566643131316662363136656464
65376536343338333663613830366363313031303365313530386564663765653934633435336535
30336361343136623162663337633236646338373864336236393333633532663034393633633262
36623939643733313266356263396535323466306339303839363736393632353731383334383735
64643331626162323866643438663137363561383832613835613138366566646364343638376130
36343732613335383731386333386331376464316538643430363134643631353062643838393533
66313536633436366330396333306430393933666161333962626666633039383738373161323932
63663033653564306633326663303362663533653061653736653031333638343561336636653761
61363034366537316531663666613961376235326636373135306238353032633163613834653137
30363536353065346665356562323838656266643630363761653338373636383734396561653033
38386632396462656535313162336230383265633365653333373830336336333366323564333033
62346165613232356137343332323265636335636266626131653163343763643365353038363166
36623832353135663166373761303232356163666137363863333338313766643130643336613338
63363731643763353032626434376236653961666666663330326135643932303365326131373562
39376363653436333163633162633339313832386631383137383430653266303964326639343466
65353335366538656566386230643434616238613334643136636261373961646632356236353638
33666231343634366164643065623362396130356161336330383432373832393164633034323665
66353062376138643638383834386431383439386463613637383065336130303062373463613434
64323831613461616438303737376637663566333933316530366234343638376333343466613931
36393661323864613339353939303537643438306239656362343461656137366238613463643365
66613663643432623862343434636431353363656132366232633131636635323332313762333536
37653430363437323064663863373964353531626237363131303334343365343134373238653365
37633438633536303466343466323734303563306636613261303933353231363436613765633661
36656337306530663531363161643336323335643566316332333864326333313333646539656330
63333465303765646562616666303330623566353865316338326132303065393836363639653333
34343061313832343630316136343336336636636133386631366131653064636233343464663366
61316437303063333666633939326530383435626465386131376534336537366137313066303936
63373238646239383837343563323964633532373964396361383762333865623538653530313134
35366436313863343766656161643739383738393639643064613635623363373435363638633361
33656433363936613336383462303837353864383138623165323139616332663661626635373666
30633733313537353464633032333765613766623965313237613838373239383964363935366232
63383137313136373861373932646630306332313762376439376333383064616433616430626333
63623464386466366632343533393534663666626134333961316138653033643263396537303934
66373063303435636130313366656666613531336331376239393530333034333836613665633135
32363839626433636232616164386137643237616531346331653862313237633439363437313335
37326361346261663435303638633065663438626630616563353934626563383434363266366662
31386534303835326237316439386463306339656466393933313836303862636464343035323066
61313661663336653233323232313336623863643166363763613936373964336432643138353466
37396536336439356561376238636563653138386439383739396264306332393863313439626662
63666135633530663731643438366431623039346165373134323864313534363237363037333565
34623938646363356432326561313866663131343232313563343139373339383766343064346364
33313035623635373362616639626162353638323836356136356661373436393265316231306135
63346237623461666263336634663762303831363638643661346233376430303566636161306535
64313966306365323432616263356130326262633437623965336536363136643462663161353639
39396237306635306164366565356433353562663432363037386131316132633164663066636333
62613961363532393031333066643862366161633035636266303532373334663430633963326666
33343964336261303061396463636538656561396639383539316232313136626235666433313663
37646431623230393666653537616235393464653665353033663039333462666332366138643861
37356135653732393762323539633831326136306438663262363066656463663436633438633334
62663637383930333666613664376138366539313066653865633631386332636162366437396337
66623235366563623065653566353661303934303333313161303966373730656366636438303831
35376331623536373662353932313335303435613732666562366466363661613332663833633633
61623130666466323263663333333331326231323461623436333233633963646435613131333563
61633861353264653266373838393035386264373062353832643334306664646665653266616532
35623261383162653937643965306232313339346237353230396263373939613166383064653630
30303336656336363066376339363130616238653736376535653733326233326633353166653338
39316338653834643936363032646139383732326331336334363938363530616635666165363036
36376236386530336336303239373763346135653431386536656439323164363837646131373664
37303461346236306466643537613162303334376133653463653166316166303438333861313266
63646133656261613337376237653331393436326463653037636435633733653966366665323335
36663964333737653966316534353965643366373835616430316236396136616262666565333537
36333037313432363064333134363933656134303864613531386139343536656133313230336132
66346434373236626137363337393339363463333833663364363230633934653162313839353162
34663930313562653230316632303134656366366539303965666238323837633738393933616563
62316137393931343835303438323663393431383163656635613437643739643632333633363635
31363739623534306264616539346563616638366165373564306230646133643664363134643738
61613236613362396333