$ANSIBLE_VAULT;1.1;AES256
36323637333233316432383137643765323235336563306362653262343832386263643063346633
3564663730636565666338303130623561653536336436340a376639626362363861383331646166
31383562353038633463313763646538373234623034373562333932343332353866636636396435
3636353430353361640a326439626537363236343030336661636136326665653238613362396532
32363139366332663534666639323837623037363737386636333938613339633336613239343330
61626234626535343162656632313064373638326562656135616664363734303637323834323631
62666432303766396632346638306666323934323533663834316535653566383136623566336638
35353631323931333738303866386132646131343433643930383135626665393531613563333539
34386230346164343230633665616630376336633830353561303664336131336563383037383836
32636163346535323032326364363166623638656665326435356531623463326466376634376533
38323730663335303231616464313934373266353032323965316634343162626433623965313239
36656530633930313230313663316465363034623662393461386662623733313361333633306265
66306332373139343730343636616539653734313261633937623265643130366566376362653339
37383031636137613931653534343761656231653666333635366138343561313435633338633835
33303762643838373933316134303330323232653130396538393737333764653732393839323138
34623731616661326532633136666434326134353164666663303264653432666261323533303135
65333435323236646664386164623731643362356634393766653963633061616332623132653730
38616637333037663534663839373963653838626465303762356530646232633565633535356533
62356137646433623838343232356464636361333232663466336163363863646132646462613630
66306135633039653062323637303032363638623030633764306466323739636162666331653332
62346532346535376664363534373332653266353639633732396435326665306435383833356264
61356535323330356666363763666137393539396461623265336265393361613234373734613530
65363232646532326639636139393839303936376266636436313236323537303631393334353331
31626536616431303237363833316537626261616632336239656134636265393161643162353038
33303636623465353634303264343336646164333436623439656536626564646364376539303233
6135353638303737653937333437393864646461613738326633