$ANSIBLE_VAULT;1.1;AES256
66363632623033616437326434656136383931333865316339393863636165363964333939613032
6134633832356335623132336566373038646261643832610a336435333066323333653061363766
66366538646630626361306363373231626562376333333634303137623138366230653831343639
3738343661623634340a643039336338663738393161343165366262633466636437373432396165
33316563376264633864336563636465623863383865626139663230383261653436373164383266
66353634613938373636613437373436383839613034336463663465623239363962653333623161
62663465646665643934383066326337646562366433306131356136353834663130326362623637
62326133396133653339333137633566653738623833636361306133343361656631303136353031
65386339643233356637306636653064386161346266313537343032663366393637366131346338
64303239393131346430353430383863636163346631666535643565616361323934363166396539
37363131306333653763656635376438653962396432633663663661366136363066303738366566
64343333626134373063306461613933323133346335653636336462373937396533356633333466
33356661653233616634623365326536616438313232306665363439386130376234376663666238
61653639636330666339396166323837303631333361333661616237303366663235653435316439
66386365656233326635376230393639636264643963326261613966613565363735313037356365
64393166633536343337326530353464353965313162646536613064353630346466323632366562
38353435343833616662633032396331663238663363626133643733303032663263333837656264
64346234653965333765313835356237653165363432356266623262316331623531633830383139
33613732303962313833663832336139376235376532306132336137346662356564313933353038
65383539356439306332653935353165373035363262623163356530306334643332336162373263
37333733633530616163653964353139343762356239633162623166356234333031626365396632
35333265653438643037383765303263623537306131363633643936623932666564353765306136
35613838653166353135383335363963623132343730643161353965656664363562323530373166
31333038633862663539633639376238306661343635383361353235343066643631306433366530
62306131633837633964316539343532306433623661336361653831303132626130333266643135
6136323230643730336331303863323035633632633263343365
