$ANSIBLE_VAULT;1.1;AES256
30373562366162356662343438356339656538346637313631366361656137386164643165343365
3933653834393238613130393331623933623765623534330a643631383135336435303663636366
65656230633365383863326236383735363936626637356233383938306235313866303434353434
3639646437363562620a653237663964343438643631333834656461386232333530383662336138
32333037316438306630353831646433373562656234346636636565366134633464663838323966
31356530383866646266623531373335396562346564643338393064613039353838353335343032
31306538306265356433363065353762643832333136666566663632313363663766346634383866
38336435613233373063633962386463306239393333383432386233376463633262323535336530
38653563323136643831346136363062613737383461633462363933303465373138376664626233
30613461356239396461656665343030663861633964656339373330346363346164363130346562
31663761396436643131623032333064303965626537386632376561343038666334336232313366
30656562396335396166383731616133326261626664353239383034626566373433306534393633
37643436396263346162636534623066393430633333303566333732393061636530316630663865
36653734306539623161376463343031616136383565656339643764333435383964333334356239
32326336323062313032313130373961636635366332316339313630623561333031623238316434
37613062393631303139663663633262343634323262653038663562636537383361393862633336
38623935343537653132613462653563353962326562656565616161383339353032356439343037
65363335353738353163373639386163306265643132313537303361363135326339633634663030
63303232623965613636303130363963343463333034326233393262306162383538643430333164
33353739633230336139303032666266653833393165353763303930363762613062613439383935
61353533383132333862366663646532326530336432303865666534653064363131646235316161
62623736396231343766353235393732326238623534386664306339323663663933336333653632
63613136643332613238623234613733663737636436623839363266313564353061346534616164
31326137653931353666653666663934353333393962663366643062333731626532316564633731
38333232306461316535633633626634313233313362653564366530666439383632353861663831
36306234316434326534326433633538333234643137383436373336663162326666653132653539
66663337373435316636626136336332396430623133316461626134663239316663616536633639
62313530303366613136643335383161323334663539656539366532616639333835376231623433
39343065636261316439323130376432626536393936613439626566643130643237366162353434
37623537313165636366653033326436323538303237393139393236663763633334623431643933
37323935376531626237303935303463393465663139656162623866323365303863373438313232
39666433313032656436613937623363633333346333643639623935303138386439643030303231
36613031623438623034633732323632363661336535663530613930336532393333323166633166
63613734663332393535303936323534366539393336343231643863623637653131356630663732
34383866616566323733626639343634326566343237636439323539386134333331356635633934
38663132623665353139363564623366383563656639373737633238653165316330656366303565
37313038643365356437653761303436353139323232623631646133393466343262363038346265
62386461393465323032333166656138333434643764613132636339373333383630396436343262
32626133303932633837326235313861663865313937356562303762393232633138376237356337
37663635343665653264326539346566393938643661323833313437326530326361653630656161
65643538666534323533333964396434316361633964386165303336323936356363363766336434
31323563653033336538666566643431643236613332636331373164636366656137363235323833
62343836653534326636643865313765363538336265613034626563666161303733393938343162
64333436653433643638326436343033633034393063366130643037313038613463643665373933
64323962393433336465656632373965376139363436653539613937373638616263306262633463
61353536316635316162303166356636623363336631373638346137313337646537366132646533
63613030633838653239366134633634323662653338383731326330646234623134343734393236
38666531336363356637393936306563323066366639636130643164666135666532666437343631
38666266626231333632386337336432343136633933323463653138643633383134376163656537
62383533653034373939643139646238306337346465316339393034363938636532303537336135
35623635633832656433643538383030363665623032333263363832353963393761653466323333
62636662386264656230396161653362326139366231623732326131626162613163663138653664
64386263313764633062316665646436393664323637323866313239303936623564626235393431
36653062353839373733316639306266366132666461383364373466356336666233643566626661
64643535323132323037336432313639656238646630653161306662663935646633616632666565
61363731353537313734303337333535323563303662373435393966376166613134346164373762
38333563366336383561326665646262373965316136396339346434636132376432663365346666
63623730356430323037333362326662653366343634313333303362363637393837616438623236
34623935343264613464386634386163616661356433323237306365323330656261383963613461
31306562316631643631373030333131666362633534646361373333646330393136643639663035
32633535626366636139643862643064353938623238643663373131663535326431323431663436
32646661383234363338626465333139323766336364356666376237386461373662613562656138
34326662633463306131393931633134333432363231396439656564353565353234313637373138
34336132636137353961666562646661663737666430356461663661386361383764316134343863
37393061343561396434613563306138663031343830626464343737393561346437356365323563
36653861623036386637393161396633343336646262666365646139393364616466616162653836
33313736306437316238373566333861396465613464373736653962666562306537303964316234
65306264363535333031633531336339333062383362386462313337643564346437393939666539
38666635386263663161356132653437363039333630653734363764386637626137323362656132
30303663666534373762363561303239623266366462393537623538343439316239613636363630
66613630613464633465336234616364396537336436623062326461666437303235336637373730
38353838393866363564306637346661633533643136336163343331613065386266326464636530
34653437616531646431643564643937396531303330373033373837626335336436616235306537
34313336306231343864316138396466373731353866663637393463306464643261623164326465
64393738613035616331613039333435366634333566623461613461376630343530646634383730
32363034656162663734656134633332353736363664623133616562396239616664376631623134
65383832336632316266303463373534653034373465303664613664636637343336663165386662
36336230366562333732656365366366633863343039653233386264306234373334663131316566
64643966646461346333383232336539626433653531343063363666623965366335306335326437
38366536646364323331636364626435393961313134356166386535613237303338353764663062
63353766343939303333366630376133363534613038633866646331656666303332396132333338
31313766396236316335353132343561636664376664383565663261376235326666333263313562
61666166643432626530346234646665306563373938303065393964653435303064376538653366
37343331383462383633666163383438343365333139376265306434303833376162373630653565
39663734333734653164646263323037306433353233306266393463653266353632316134353062
31393432643332356165326338646531343166386136376563663865323566303266613430633137
38336665366437613834613536666664336635323965346364663432393736376537313434306634
39306334323263613430343362333231613466663233303830626336316335363337643564613834
61366631633265656266343435663032323363313964343538383832623962643164613236383264
65336237616337333634353962633434396462653262316431393733313933303531323236366439
61633532613165393163643231306563363537613232373934623835363130323833323762316630
61306431383939323336333461643764396534633163663066663130643434626437383236323935
65656136366132373964353466383830633763643133663639653765356562663863366634393534
34633839653732393434663038633437336434326535353066616465316639653933636161626135
35316437393165646232356363353765666633386664636666333861353063316136393763333239
35376438663338613366333638333662646331356562303764646262353664643034393733323363
30376165626333633666396563323161303638336636333930653833616264663135333563316536
32356637353864626138383532636434656666303561313861633766663762373934353162333236
39306331653363356361653465623164356633616232356535363837336634303435306131646535
38363664616164333034613237343132323565373164303439386436643530636435373238626365
65643031373737323838663338303866303863646639653836653364313130356130626437386236
32383332333938313663336237656437663965326237626230376465393935626638306366613633
64633363633534613736306433666532396562663261626466353630333135396264633862336366
64323836626139343334653461636132326637626264343934626435326631386662363335666338
64663265343566396366616263303365336130646563363963346536363763346534393166386361
33356135653930376139363932323863636332346131343135366234643265653139383264346232
38383533376535346136643936323035313234353735363538356433366635663762316266663234
62323662643430373839616334366363323261663961666332373265313631376339663564636166
30373062643932646538633532633335366531313934666530396639633130376534363464366365
65643739353431653839303865366338393563636632666166303838626439383965373730623261
65646661343332356661633738653831636535303338663664613437333661323936386239383731
33323439353263396134666465613161363161346439396466653163336530663934363563653331
37636338653835613331636634366466343666636533653663366139636132626533336238353139
37323937323566356366323265326432393639303135386336643738653335636166666234326439
38316432633263323932363765653530656636333331666638363366353934613261306635643162
31323338643532633935306237366362316161643538356564346436623934336162313334623763
61366632323365343561323864396134373439356462616631646532333937623430326633396636
36663938303932633164313131386335646635343665323534396561656463343939323962316362
31336339626339316638356632303464366235666137623132633535623431646333373062326433
33316430613166356661363161313634343065353561363136306432353533356639626663613333
33346662313739383862386665636165623436386232386230373262666637326436303034623334
38343231383333613462393333343130356539336530323834303963306331666234663837626133
37386135643165656633623963623666386130373531363932663534646331303236623636346137
36666232343765386533366131363061633934616262633164616231336264366439393439323232
63363262633662633064343563383139393364363833336232363961633964356161356566663335
32616461306163643437383130366361346135383965353033623230613461366135353364633866
36366232386132306337653263653663396434666632336534386431626632363738313534663334
61343661663439636233383334643638386634306261303138656233633663303365323032643833
32663138623230333365303861303761313063393039323130343963303538303930333562373636
32373034633439363265353062646230333733386230663162353864653235353831616533643034
61663166663436316634656331366233646231353933373361626334623134643463326335656561
64393731326164386164313230396136646235383330313766663039336530616534643262363234
61663036373837653764303761313061663435333439343538613731316664343230613732346461
37313964306136643831316232653533313362303839643135626437306262623333663638316566
61313561393064343439396266633933323337346437386334396138346331356435363966653035
39383562383461623532